#               time                E_H  E_UniformExchange            E_total                H_x                H_y                H_z                m_x                m_y                m_z            m_error          real_time          rhs_evals               step 
#                <s>                <J>                <J>                <J>                 <>                 <>                 <>                 <>                 <>                 <>                 <>                <s>                 <>                 <> 
                   0   3.4073931087e-18                  0   3.4073931087e-18     -19576.0580003      3421.83127648                  0      0.96560909917     0.241402274793     0.096560909917                  0      1517589494.82                  0                  0 
               5e-12   3.4073931087e-18                  0   3.4073931087e-18     -19576.0580003      3421.83127648                  0      0.96560909917     0.241402274793     0.096560909917                  0      1517589494.84                  8              5e-12 
               1e-11   3.4073931087e-18                  0   3.4073931087e-18     -19576.0580003      3421.83127648                  0      0.96560909917     0.241402274793     0.096560909917                  0      1517589494.84                 15            1.5e-11 
             1.5e-11   3.4073931087e-18                  0   3.4073931087e-18     -19576.0580003      3421.83127648                  0      0.96560909917     0.241402274793     0.096560909917                  0      1517589494.85                 22              3e-11 
               2e-11   3.4073931087e-18                  0   3.4073931087e-18     -19576.0580003      3421.83127648                  0      0.96560909917     0.241402274793     0.096560909917                  0      1517589494.86                 29              5e-11 
             2.5e-11   3.4073931087e-18                  0   3.4073931087e-18     -19576.0580003      3421.83127648                  0      0.96560909917     0.241402274793     0.096560909917                  0      1517589494.87                 36            7.5e-11 
               3e-11   3.4073931087e-18                  0   3.4073931087e-18     -19576.0580003      3421.83127648                  0      0.96560909917     0.241402274793     0.096560909917                  0      1517589494.88                 43           1.05e-10 
             3.5e-11   3.4073931087e-18                  0   3.4073931087e-18     -19576.0580003      3421.83127648                  0      0.96560909917     0.241402274793     0.096560909917                  0      1517589494.89                 50            1.4e-10 
               4e-11   3.4073931087e-18                  0   3.4073931087e-18     -19576.0580003      3421.83127648                  0      0.96560909917     0.241402274793     0.096560909917                  0       1517589494.9                 57            1.8e-10 
             4.5e-11   3.4073931087e-18                  0   3.4073931087e-18     -19576.0580003      3421.83127648                  0      0.96560909917     0.241402274793     0.096560909917                  0      1517589494.91                 64           2.25e-10 
               5e-11   3.4073931087e-18                  0   3.4073931087e-18     -19576.0580003      3421.83127648                  0      0.96560909917     0.241402274793     0.096560909917                  0      1517589494.91                 71           2.75e-10 
             5.5e-11   3.4073931087e-18                  0   3.4073931087e-18     -19576.0580003      3421.83127648                  0      0.96560909917     0.241402274793     0.096560909917                  0      1517589494.92                 78            3.3e-10 
               6e-11   3.4073931087e-18                  0   3.4073931087e-18     -19576.0580003      3421.83127648                  0      0.96560909917     0.241402274793     0.096560909917                  0      1517589494.93                 85            3.9e-10 
             6.5e-11   3.4073931087e-18                  0   3.4073931087e-18     -19576.0580003      3421.83127648                  0      0.96560909917     0.241402274793     0.096560909917                  0      1517589494.94                 92           4.55e-10 
               7e-11   3.4073931087e-18                  0   3.4073931087e-18     -19576.0580003      3421.83127648                  0      0.96560909917     0.241402274793     0.096560909917                  0      1517589494.95                 99           5.25e-10 
             7.5e-11   3.4073931087e-18                  0   3.4073931087e-18     -19576.0580003      3421.83127648                  0      0.96560909917     0.241402274793     0.096560909917                  0      1517589494.96                106              6e-10 
               8e-11   3.4073931087e-18                  0   3.4073931087e-18     -19576.0580003      3421.83127648                  0      0.96560909917     0.241402274793     0.096560909917                  0      1517589494.97                113            6.8e-10 
             8.5e-11   3.4073931087e-18                  0   3.4073931087e-18     -19576.0580003      3421.83127648                  0      0.96560909917     0.241402274793     0.096560909917                  0      1517589494.98                120           7.65e-10 
               9e-11   3.4073931087e-18                  0   3.4073931087e-18     -19576.0580003      3421.83127648                  0      0.96560909917     0.241402274793     0.096560909917                  0      1517589494.99                127           8.55e-10 
             9.5e-11   3.4073931087e-18                  0   3.4073931087e-18     -19576.0580003      3421.83127648                  0      0.96560909917     0.241402274793     0.096560909917                  0         1517589495                134            9.5e-10 
               1e-10   3.4073931087e-18                  0   3.4073931087e-18     -19576.0580003      3421.83127648                  0      0.96560909917     0.241402274793     0.096560909917                  0      1517589495.01                141           1.05e-09 
            1.05e-10   3.4073931087e-18                  0   3.4073931087e-18     -19576.0580003      3421.83127648                  0      0.96560909917     0.241402274793     0.096560909917                  0      1517589495.02                148          1.155e-09 
             1.1e-10   3.4073931087e-18                  0   3.4073931087e-18     -19576.0580003      3421.83127648                  0      0.96560909917     0.241402274793     0.096560909917                  0      1517589495.03                155          1.265e-09 
            1.15e-10   3.4073931087e-18                  0   3.4073931087e-18     -19576.0580003      3421.83127648                  0      0.96560909917     0.241402274793     0.096560909917                  0      1517589495.04                162           1.38e-09 
             1.2e-10   3.4073931087e-18                  0   3.4073931087e-18     -19576.0580003      3421.83127648                  0      0.96560909917     0.241402274793     0.096560909917                  0      1517589495.05                169            1.5e-09 
            1.25e-10   3.4073931087e-18                  0   3.4073931087e-18     -19576.0580003      3421.83127648                  0      0.96560909917     0.241402274793     0.096560909917                  0      1517589495.06                176          1.625e-09 
             1.3e-10   3.4073931087e-18                  0   3.4073931087e-18     -19576.0580003      3421.83127648                  0      0.96560909917     0.241402274793     0.096560909917                  0      1517589495.07                183          1.755e-09 
            1.35e-10   3.4073931087e-18                  0   3.4073931087e-18     -19576.0580003      3421.83127648                  0      0.96560909917     0.241402274793     0.096560909917                  0      1517589495.08                190           1.89e-09 
             1.4e-10   3.4073931087e-18                  0   3.4073931087e-18     -19576.0580003      3421.83127648                  0      0.96560909917     0.241402274793     0.096560909917                  0      1517589495.09                197           2.03e-09 
            1.45e-10   3.4073931087e-18                  0   3.4073931087e-18     -19576.0580003      3421.83127648                  0      0.96560909917     0.241402274793     0.096560909917                  0       1517589495.1                204          2.175e-09 
             1.5e-10   3.4073931087e-18                  0   3.4073931087e-18     -19576.0580003      3421.83127648                  0      0.96560909917     0.241402274793     0.096560909917                  0      1517589495.11                211          2.325e-09 
            1.55e-10   3.4073931087e-18                  0   3.4073931087e-18     -19576.0580003      3421.83127648                  0      0.96560909917     0.241402274793     0.096560909917                  0      1517589495.12                218           2.48e-09 
             1.6e-10   3.4073931087e-18                  0   3.4073931087e-18     -19576.0580003      3421.83127648                  0      0.96560909917     0.241402274793     0.096560909917                  0      1517589495.13                225           2.64e-09 
            1.65e-10   3.4073931087e-18                  0   3.4073931087e-18     -19576.0580003      3421.83127648                  0      0.96560909917     0.241402274793     0.096560909917                  0      1517589495.14                232          2.805e-09 
             1.7e-10   3.4073931087e-18                  0   3.4073931087e-18     -19576.0580003      3421.83127648                  0      0.96560909917     0.241402274793     0.096560909917                  0      1517589495.15                239          2.975e-09 
            1.75e-10   3.4073931087e-18                  0   3.4073931087e-18     -19576.0580003      3421.83127648                  0      0.96560909917     0.241402274793     0.096560909917                  0      1517589495.16                246           3.15e-09 
             1.8e-10   3.4073931087e-18                  0   3.4073931087e-18     -19576.0580003      3421.83127648                  0      0.96560909917     0.241402274793     0.096560909917                  0      1517589495.17                253           3.33e-09 
            1.85e-10   3.4073931087e-18                  0   3.4073931087e-18     -19576.0580003      3421.83127648                  0      0.96560909917     0.241402274793     0.096560909917                  0      1517589495.18                260          3.515e-09 
             1.9e-10   3.4073931087e-18                  0   3.4073931087e-18     -19576.0580003      3421.83127648                  0      0.96560909917     0.241402274793     0.096560909917                  0      1517589495.19                267          3.705e-09 
            1.95e-10   3.4073931087e-18                  0   3.4073931087e-18     -19576.0580003      3421.83127648                  0      0.96560909917     0.241402274793     0.096560909917                  0       1517589495.2                274            3.9e-09 
               2e-10   3.4073931087e-18                  0   3.4073931087e-18     -19576.0580003      3421.83127648                  0      0.96560909917     0.241402274793     0.096560909917                  0      1517589495.22                281            4.1e-09 
            2.05e-10   3.4073931087e-18                  0   3.4073931087e-18     -19576.0580003      3421.83127648                  0      0.96560909917     0.241402274793     0.096560909917                  0      1517589495.23                288          4.305e-09 
             2.1e-10   3.4073931087e-18                  0   3.4073931087e-18     -19576.0580003      3421.83127648                  0      0.96560909917     0.241402274793     0.096560909917                  0      1517589495.24                295          4.515e-09 
            2.15e-10   3.4073931087e-18                  0   3.4073931087e-18     -19576.0580003      3421.83127648                  0      0.96560909917     0.241402274793     0.096560909917                  0      1517589495.25                302           4.73e-09 
             2.2e-10   3.4073931087e-18                  0   3.4073931087e-18     -19576.0580003      3421.83127648                  0      0.96560909917     0.241402274793     0.096560909917                  0      1517589495.26                309           4.95e-09 
            2.25e-10   3.4073931087e-18                  0   3.4073931087e-18     -19576.0580003      3421.83127648                  0      0.96560909917     0.241402274793     0.096560909917                  0      1517589495.27                316          5.175e-09 
             2.3e-10   3.4073931087e-18                  0   3.4073931087e-18     -19576.0580003      3421.83127648                  0      0.96560909917     0.241402274793     0.096560909917                  0      1517589495.28                323          5.405e-09 
            2.35e-10   3.4073931087e-18                  0   3.4073931087e-18     -19576.0580003      3421.83127648                  0      0.96560909917     0.241402274793     0.096560909917                  0      1517589495.29                330           5.64e-09 
             2.4e-10   3.4073931087e-18                  0   3.4073931087e-18     -19576.0580003      3421.83127648                  0      0.96560909917     0.241402274793     0.096560909917                  0       1517589495.3                337           5.88e-09 
            2.45e-10   3.4073931087e-18                  0   3.4073931087e-18     -19576.0580003      3421.83127648                  0      0.96560909917     0.241402274793     0.096560909917                  0      1517589495.31                344          6.125e-09 
             2.5e-10   3.4073931087e-18                  0   3.4073931087e-18     -19576.0580003      3421.83127648                  0      0.96560909917     0.241402274793     0.096560909917                  0      1517589495.32                351          6.375e-09 
            2.55e-10   3.4073931087e-18                  0   3.4073931087e-18     -19576.0580003      3421.83127648                  0      0.96560909917     0.241402274793     0.096560909917                  0      1517589495.33                358           6.63e-09 
             2.6e-10   3.4073931087e-18                  0   3.4073931087e-18     -19576.0580003      3421.83127648                  0      0.96560909917     0.241402274793     0.096560909917                  0      1517589495.34                365           6.89e-09 
            2.65e-10   3.4073931087e-18                  0   3.4073931087e-18     -19576.0580003      3421.83127648                  0      0.96560909917     0.241402274793     0.096560909917                  0      1517589495.36                372          7.155e-09 
             2.7e-10   3.4073931087e-18                  0   3.4073931087e-18     -19576.0580003      3421.83127648                  0      0.96560909917     0.241402274793     0.096560909917                  0      1517589495.37                379          7.425e-09 
            2.75e-10   3.4073931087e-18                  0   3.4073931087e-18     -19576.0580003      3421.83127648                  0      0.96560909917     0.241402274793     0.096560909917                  0      1517589495.38                386            7.7e-09 
             2.8e-10   3.4073931087e-18                  0   3.4073931087e-18     -19576.0580003      3421.83127648                  0      0.96560909917     0.241402274793     0.096560909917                  0      1517589495.39                393           7.98e-09 
            2.85e-10   3.4073931087e-18                  0   3.4073931087e-18     -19576.0580003      3421.83127648                  0      0.96560909917     0.241402274793     0.096560909917                  0       1517589495.4                400          8.265e-09 
             2.9e-10   3.4073931087e-18                  0   3.4073931087e-18     -19576.0580003      3421.83127648                  0      0.96560909917     0.241402274793     0.096560909917                  0      1517589495.41                407          8.555e-09 
            2.95e-10   3.4073931087e-18                  0   3.4073931087e-18     -19576.0580003      3421.83127648                  0      0.96560909917     0.241402274793     0.096560909917                  0      1517589495.42                414           8.85e-09 
               3e-10   3.4073931087e-18                  0   3.4073931087e-18     -19576.0580003      3421.83127648                  0      0.96560909917     0.241402274793     0.096560909917                  0      1517589495.44                421           9.15e-09 
            3.05e-10   3.4073931087e-18                  0   3.4073931087e-18     -19576.0580003      3421.83127648                  0      0.96560909917     0.241402274793     0.096560909917                  0      1517589495.45                428          9.455e-09 
             3.1e-10   3.4073931087e-18                  0   3.4073931087e-18     -19576.0580003      3421.83127648                  0      0.96560909917     0.241402274793     0.096560909917                  0      1517589495.46                435          9.765e-09 
            3.15e-10   3.4073931087e-18                  0   3.4073931087e-18     -19576.0580003      3421.83127648                  0      0.96560909917     0.241402274793     0.096560909917                  0      1517589495.47                442          1.008e-08 
             3.2e-10   3.4073931087e-18                  0   3.4073931087e-18     -19576.0580003      3421.83127648                  0      0.96560909917     0.241402274793     0.096560909917                  0      1517589495.48                449           1.04e-08 
            3.25e-10   3.4073931087e-18                  0   3.4073931087e-18     -19576.0580003      3421.83127648                  0      0.96560909917     0.241402274793     0.096560909917                  0       1517589495.5                456         1.0725e-08 
             3.3e-10   3.4073931087e-18                  0   3.4073931087e-18     -19576.0580003      3421.83127648                  0      0.96560909917     0.241402274793     0.096560909917                  0      1517589495.51                463         1.1055e-08 
            3.35e-10   3.4073931087e-18                  0   3.4073931087e-18     -19576.0580003      3421.83127648                  0      0.96560909917     0.241402274793     0.096560909917                  0      1517589495.52                470          1.139e-08 
             3.4e-10   3.4073931087e-18                  0   3.4073931087e-18     -19576.0580003      3421.83127648                  0      0.96560909917     0.241402274793     0.096560909917                  0      1517589495.53                477          1.173e-08 
            3.45e-10   3.4073931087e-18                  0   3.4073931087e-18     -19576.0580003      3421.83127648                  0      0.96560909917     0.241402274793     0.096560909917                  0      1517589495.54                484         1.2075e-08 
             3.5e-10   3.4073931087e-18                  0   3.4073931087e-18     -19576.0580003      3421.83127648                  0      0.96560909917     0.241402274793     0.096560909917                  0      1517589495.56                491         1.2425e-08 
            3.55e-10   3.4073931087e-18                  0   3.4073931087e-18     -19576.0580003      3421.83127648                  0      0.96560909917     0.241402274793     0.096560909917                  0      1517589495.57                498          1.278e-08 
             3.6e-10   3.4073931087e-18                  0   3.4073931087e-18     -19576.0580003      3421.83127648                  0      0.96560909917     0.241402274793     0.096560909917                  0      1517589495.58                505          1.314e-08 
            3.65e-10   3.4073931087e-18                  0   3.4073931087e-18     -19576.0580003      3421.83127648                  0      0.96560909917     0.241402274793     0.096560909917                  0       1517589495.6                512         1.3505e-08 
             3.7e-10   3.4073931087e-18                  0   3.4073931087e-18     -19576.0580003      3421.83127648                  0      0.96560909917     0.241402274793     0.096560909917                  0      1517589495.61                519         1.3875e-08 
            3.75e-10   3.4073931087e-18                  0   3.4073931087e-18     -19576.0580003      3421.83127648                  0      0.96560909917     0.241402274793     0.096560909917                  0      1517589495.62                526          1.425e-08 
             3.8e-10   3.4073931087e-18                  0   3.4073931087e-18     -19576.0580003      3421.83127648                  0      0.96560909917     0.241402274793     0.096560909917                  0      1517589495.64                533          1.463e-08 
            3.85e-10   3.4073931087e-18                  0   3.4073931087e-18     -19576.0580003      3421.83127648                  0      0.96560909917     0.241402274793     0.096560909917                  0      1517589495.65                540         1.5015e-08 
             3.9e-10   3.4073931087e-18                  0   3.4073931087e-18     -19576.0580003      3421.83127648                  0      0.96560909917     0.241402274793     0.096560909917                  0      1517589495.66                547         1.5405e-08 
            3.95e-10   3.4073931087e-18                  0   3.4073931087e-18     -19576.0580003      3421.83127648                  0      0.96560909917     0.241402274793     0.096560909917                  0      1517589495.73                554           1.58e-08 
               4e-10   3.4073931087e-18                  0   3.4073931087e-18     -19576.0580003      3421.83127648                  0      0.96560909917     0.241402274793     0.096560909917                  0      1517589495.74                561           1.62e-08 
            4.05e-10   3.4073931087e-18                  0   3.4073931087e-18     -19576.0580003      3421.83127648                  0      0.96560909917     0.241402274793     0.096560909917                  0      1517589495.76                568         1.6605e-08 
             4.1e-10   3.4073931087e-18                  0   3.4073931087e-18     -19576.0580003      3421.83127648                  0      0.96560909917     0.241402274793     0.096560909917                  0      1517589495.77                575         1.7015e-08 
            4.15e-10   3.4073931087e-18                  0   3.4073931087e-18     -19576.0580003      3421.83127648                  0      0.96560909917     0.241402274793     0.096560909917                  0      1517589495.78                582          1.743e-08 
             4.2e-10   3.4073931087e-18                  0   3.4073931087e-18     -19576.0580003      3421.83127648                  0      0.96560909917     0.241402274793     0.096560909917                  0      1517589495.79                589          1.785e-08 
            4.25e-10   3.4073931087e-18                  0   3.4073931087e-18     -19576.0580003      3421.83127648                  0      0.96560909917     0.241402274793     0.096560909917                  0       1517589495.8                596         1.8275e-08 
             4.3e-10   3.4073931087e-18                  0   3.4073931087e-18     -19576.0580003      3421.83127648                  0      0.96560909917     0.241402274793     0.096560909917                  0      1517589495.82                603         1.8705e-08 
            4.35e-10   3.4073931087e-18                  0   3.4073931087e-18     -19576.0580003      3421.83127648                  0      0.96560909917     0.241402274793     0.096560909917                  0      1517589495.83                610          1.914e-08 
             4.4e-10   3.4073931087e-18                  0   3.4073931087e-18     -19576.0580003      3421.83127648                  0      0.96560909917     0.241402274793     0.096560909917                  0      1517589495.84                617          1.958e-08 
            4.45e-10   3.4073931087e-18                  0   3.4073931087e-18     -19576.0580003      3421.83127648                  0      0.96560909917     0.241402274793     0.096560909917                  0      1517589495.85                624         2.0025e-08 
             4.5e-10   3.4073931087e-18                  0   3.4073931087e-18     -19576.0580003      3421.83127648                  0      0.96560909917     0.241402274793     0.096560909917                  0      1517589495.86                631         2.0475e-08 
            4.55e-10   3.4073931087e-18                  0   3.4073931087e-18     -19576.0580003      3421.83127648                  0      0.96560909917     0.241402274793     0.096560909917                  0      1517589495.87                638          2.093e-08 
             4.6e-10   3.4073931087e-18                  0   3.4073931087e-18     -19576.0580003      3421.83127648                  0      0.96560909917     0.241402274793     0.096560909917                  0      1517589495.88                645          2.139e-08 
            4.65e-10   3.4073931087e-18                  0   3.4073931087e-18     -19576.0580003      3421.83127648                  0      0.96560909917     0.241402274793     0.096560909917                  0      1517589495.89                652         2.1855e-08 
             4.7e-10   3.4073931087e-18                  0   3.4073931087e-18     -19576.0580003      3421.83127648                  0      0.96560909917     0.241402274793     0.096560909917                  0       1517589495.9                659         2.2325e-08 
            4.75e-10   3.4073931087e-18                  0   3.4073931087e-18     -19576.0580003      3421.83127648                  0      0.96560909917     0.241402274793     0.096560909917                  0      1517589495.92                666           2.28e-08 
             4.8e-10   3.4073931087e-18                  0   3.4073931087e-18     -19576.0580003      3421.83127648                  0      0.96560909917     0.241402274793     0.096560909917                  0      1517589495.93                673          2.328e-08 
            4.85e-10   3.4073931087e-18                  0   3.4073931087e-18     -19576.0580003      3421.83127648                  0      0.96560909917     0.241402274793     0.096560909917                  0      1517589495.94                680         2.3765e-08 
             4.9e-10   3.4073931087e-18                  0   3.4073931087e-18     -19576.0580003      3421.83127648                  0      0.96560909917     0.241402274793     0.096560909917                  0      1517589495.95                687         2.4255e-08 
            4.95e-10   3.4073931087e-18                  0   3.4073931087e-18     -19576.0580003      3421.83127648                  0      0.96560909917     0.241402274793     0.096560909917                  0      1517589495.96                694          2.475e-08 
               5e-10   3.4073931087e-18                  0   3.4073931087e-18     -19576.0580003      3421.83127648                  0      0.96560909917     0.241402274793     0.096560909917                  0      1517589495.97                701          2.525e-08 
            5.05e-10   3.4073931087e-18                  0   3.4073931087e-18     -19576.0580003      3421.83127648                  0      0.96560909917     0.241402274793     0.096560909917                  0      1517589495.98                708         2.5755e-08 
             5.1e-10   3.4073931087e-18                  0   3.4073931087e-18     -19576.0580003      3421.83127648                  0      0.96560909917     0.241402274793     0.096560909917                  0      1517589495.99                715         2.6265e-08 
            5.15e-10   3.4073931087e-18                  0   3.4073931087e-18     -19576.0580003      3421.83127648                  0      0.96560909917     0.241402274793     0.096560909917                  0         1517589496                722          2.678e-08 
             5.2e-10   3.4073931087e-18                  0   3.4073931087e-18     -19576.0580003      3421.83127648                  0      0.96560909917     0.241402274793     0.096560909917                  0      1517589496.01                729           2.73e-08 
            5.25e-10   3.4073931087e-18                  0   3.4073931087e-18     -19576.0580003      3421.83127648                  0      0.96560909917     0.241402274793     0.096560909917                  0      1517589496.02                736         2.7825e-08 
             5.3e-10   3.4073931087e-18                  0   3.4073931087e-18     -19576.0580003      3421.83127648                  0      0.96560909917     0.241402274793     0.096560909917                  0      1517589496.03                743         2.8355e-08 
            5.35e-10   3.4073931087e-18                  0   3.4073931087e-18     -19576.0580003      3421.83127648                  0      0.96560909917     0.241402274793     0.096560909917                  0      1517589496.05                750          2.889e-08 
             5.4e-10   3.4073931087e-18                  0   3.4073931087e-18     -19576.0580003      3421.83127648                  0      0.96560909917     0.241402274793     0.096560909917                  0      1517589496.06                757          2.943e-08 
            5.45e-10   3.4073931087e-18                  0   3.4073931087e-18     -19576.0580003      3421.83127648                  0      0.96560909917     0.241402274793     0.096560909917                  0      1517589496.07                764         2.9975e-08 
             5.5e-10   3.4073931087e-18                  0   3.4073931087e-18     -19576.0580003      3421.83127648                  0      0.96560909917     0.241402274793     0.096560909917                  0      1517589496.08                771         3.0525e-08 
            5.55e-10   3.4073931087e-18                  0   3.4073931087e-18     -19576.0580003      3421.83127648                  0      0.96560909917     0.241402274793     0.096560909917                  0      1517589496.09                778          3.108e-08 
             5.6e-10   3.4073931087e-18                  0   3.4073931087e-18     -19576.0580003      3421.83127648                  0      0.96560909917     0.241402274793     0.096560909917                  0       1517589496.1                785          3.164e-08 
            5.65e-10   3.4073931087e-18                  0   3.4073931087e-18     -19576.0580003      3421.83127648                  0      0.96560909917     0.241402274793     0.096560909917                  0      1517589496.11                792         3.2205e-08 
             5.7e-10   3.4073931087e-18                  0   3.4073931087e-18     -19576.0580003      3421.83127648                  0      0.96560909917     0.241402274793     0.096560909917                  0      1517589496.12                799         3.2775e-08 
            5.75e-10   3.4073931087e-18                  0   3.4073931087e-18     -19576.0580003      3421.83127648                  0      0.96560909917     0.241402274793     0.096560909917                  0      1517589496.13                806          3.335e-08 
             5.8e-10   3.4073931087e-18                  0   3.4073931087e-18     -19576.0580003      3421.83127648                  0      0.96560909917     0.241402274793     0.096560909917                  0      1517589496.14                813          3.393e-08 
            5.85e-10   3.4073931087e-18                  0   3.4073931087e-18     -19576.0580003      3421.83127648                  0      0.96560909917     0.241402274793     0.096560909917                  0      1517589496.15                820         3.4515e-08 
             5.9e-10   3.4073931087e-18                  0   3.4073931087e-18     -19576.0580003      3421.83127648                  0      0.96560909917     0.241402274793     0.096560909917                  0      1517589496.16                827         3.5105e-08 
            5.95e-10   3.4073931087e-18                  0   3.4073931087e-18     -19576.0580003      3421.83127648                  0      0.96560909917     0.241402274793     0.096560909917                  0      1517589496.18                834           3.57e-08 
               6e-10   3.4073931087e-18                  0   3.4073931087e-18     -19576.0580003      3421.83127648                  0      0.96560909917     0.241402274793     0.096560909917                  0      1517589496.19                841           3.63e-08 
            6.05e-10   3.4073931087e-18                  0   3.4073931087e-18     -19576.0580003      3421.83127648                  0      0.96560909917     0.241402274793     0.096560909917                  0       1517589496.2                848         3.6905e-08 
             6.1e-10   3.4073931087e-18                  0   3.4073931087e-18     -19576.0580003      3421.83127648                  0      0.96560909917     0.241402274793     0.096560909917                  0      1517589496.21                855         3.7515e-08 
            6.15e-10   3.4073931087e-18                  0   3.4073931087e-18     -19576.0580003      3421.83127648                  0      0.96560909917     0.241402274793     0.096560909917                  0      1517589496.22                862          3.813e-08 
             6.2e-10   3.4073931087e-18                  0   3.4073931087e-18     -19576.0580003      3421.83127648                  0      0.96560909917     0.241402274793     0.096560909917                  0      1517589496.23                869          3.875e-08 
            6.25e-10   3.4073931087e-18                  0   3.4073931087e-18     -19576.0580003      3421.83127648                  0      0.96560909917     0.241402274793     0.096560909917                  0      1517589496.24                876         3.9375e-08 
             6.3e-10   3.4073931087e-18                  0   3.4073931087e-18     -19576.0580003      3421.83127648                  0      0.96560909917     0.241402274793     0.096560909917                  0      1517589496.25                883         4.0005e-08 
            6.35e-10   3.4073931087e-18                  0   3.4073931087e-18     -19576.0580003      3421.83127648                  0      0.96560909917     0.241402274793     0.096560909917                  0      1517589496.26                890          4.064e-08 
             6.4e-10   3.4073931087e-18                  0   3.4073931087e-18     -19576.0580003      3421.83127648                  0      0.96560909917     0.241402274793     0.096560909917                  0      1517589496.27                897          4.128e-08 
            6.45e-10   3.4073931087e-18                  0   3.4073931087e-18     -19576.0580003      3421.83127648                  0      0.96560909917     0.241402274793     0.096560909917                  0      1517589496.29                904         4.1925e-08 
             6.5e-10   3.4073931087e-18                  0   3.4073931087e-18     -19576.0580003      3421.83127648                  0      0.96560909917     0.241402274793     0.096560909917                  0       1517589496.3                911         4.2575e-08 
            6.55e-10   3.4073931087e-18                  0   3.4073931087e-18     -19576.0580003      3421.83127648                  0      0.96560909917     0.241402274793     0.096560909917                  0      1517589496.31                918          4.323e-08 
             6.6e-10   3.4073931087e-18                  0   3.4073931087e-18     -19576.0580003      3421.83127648                  0      0.96560909917     0.241402274793     0.096560909917                  0      1517589496.32                925          4.389e-08 
            6.65e-10   3.4073931087e-18                  0   3.4073931087e-18     -19576.0580003      3421.83127648                  0      0.96560909917     0.241402274793     0.096560909917                  0      1517589496.33                932         4.4555e-08 
             6.7e-10   3.4073931087e-18                  0   3.4073931087e-18     -19576.0580003      3421.83127648                  0      0.96560909917     0.241402274793     0.096560909917                  0      1517589496.34                939         4.5225e-08 
            6.75e-10   3.4073931087e-18                  0   3.4073931087e-18     -19576.0580003      3421.83127648                  0      0.96560909917     0.241402274793     0.096560909917                  0      1517589496.35                946           4.59e-08 
             6.8e-10   3.4073931087e-18                  0   3.4073931087e-18     -19576.0580003      3421.83127648                  0      0.96560909917     0.241402274793     0.096560909917                  0      1517589496.36                953          4.658e-08 
            6.85e-10   3.4073931087e-18                  0   3.4073931087e-18     -19576.0580003      3421.83127648                  0      0.96560909917     0.241402274793     0.096560909917                  0      1517589496.37                960         4.7265e-08 
             6.9e-10   3.4073931087e-18                  0   3.4073931087e-18     -19576.0580003      3421.83127648                  0      0.96560909917     0.241402274793     0.096560909917                  0      1517589496.38                967         4.7955e-08 
            6.95e-10   3.4073931087e-18                  0   3.4073931087e-18     -19576.0580003      3421.83127648                  0      0.96560909917     0.241402274793     0.096560909917                  0      1517589496.39                974          4.865e-08 
               7e-10   3.4073931087e-18                  0   3.4073931087e-18     -19576.0580003      3421.83127648                  0      0.96560909917     0.241402274793     0.096560909917                  0       1517589496.4                981          4.935e-08 
            7.05e-10   3.4073931087e-18                  0   3.4073931087e-18     -19576.0580003      3421.83127648                  0      0.96560909917     0.241402274793     0.096560909917                  0      1517589496.42                988         5.0055e-08 
             7.1e-10   3.4073931087e-18                  0   3.4073931087e-18     -19576.0580003      3421.83127648                  0      0.96560909917     0.241402274793     0.096560909917                  0      1517589496.43                995         5.0765e-08 
            7.15e-10   3.4073931087e-18                  0   3.4073931087e-18     -19576.0580003      3421.83127648                  0      0.96560909917     0.241402274793     0.096560909917                  0      1517589496.44               1002          5.148e-08 
             7.2e-10   3.4073931087e-18                  0   3.4073931087e-18     -19576.0580003      3421.83127648                  0      0.96560909917     0.241402274793     0.096560909917                  0      1517589496.45               1009           5.22e-08 
            7.25e-10   3.4073931087e-18                  0   3.4073931087e-18     -19576.0580003      3421.83127648                  0      0.96560909917     0.241402274793     0.096560909917                  0      1517589496.46               1016         5.2925e-08 
             7.3e-10   3.4073931087e-18                  0   3.4073931087e-18     -19576.0580003      3421.83127648                  0      0.96560909917     0.241402274793     0.096560909917                  0      1517589496.47               1023         5.3655e-08 
            7.35e-10   3.4073931087e-18                  0   3.4073931087e-18     -19576.0580003      3421.83127648                  0      0.96560909917     0.241402274793     0.096560909917                  0      1517589496.48               1030          5.439e-08 
             7.4e-10   3.4073931087e-18                  0   3.4073931087e-18     -19576.0580003      3421.83127648                  0      0.96560909917     0.241402274793     0.096560909917                  0      1517589496.49               1037          5.513e-08 
            7.45e-10   3.4073931087e-18                  0   3.4073931087e-18     -19576.0580003      3421.83127648                  0      0.96560909917     0.241402274793     0.096560909917                  0       1517589496.5               1044         5.5875e-08 
             7.5e-10   3.4073931087e-18                  0   3.4073931087e-18     -19576.0580003      3421.83127648                  0      0.96560909917     0.241402274793     0.096560909917                  0      1517589496.52               1051         5.6625e-08 
            7.55e-10   3.4073931087e-18                  0   3.4073931087e-18     -19576.0580003      3421.83127648                  0      0.96560909917     0.241402274793     0.096560909917                  0      1517589496.53               1058          5.738e-08 
             7.6e-10   3.4073931087e-18                  0   3.4073931087e-18     -19576.0580003      3421.83127648                  0      0.96560909917     0.241402274793     0.096560909917                  0      1517589496.54               1065          5.814e-08 
            7.65e-10   3.4073931087e-18                  0   3.4073931087e-18     -19576.0580003      3421.83127648                  0      0.96560909917     0.241402274793     0.096560909917                  0      1517589496.55               1072         5.8905e-08 
             7.7e-10   3.4073931087e-18                  0   3.4073931087e-18     -19576.0580003      3421.83127648                  0      0.96560909917     0.241402274793     0.096560909917                  0      1517589496.56               1079         5.9675e-08 
            7.75e-10   3.4073931087e-18                  0   3.4073931087e-18     -19576.0580003      3421.83127648                  0      0.96560909917     0.241402274793     0.096560909917                  0      1517589496.57               1086          6.045e-08 
             7.8e-10   3.4073931087e-18                  0   3.4073931087e-18     -19576.0580003      3421.83127648                  0      0.96560909917     0.241402274793     0.096560909917                  0      1517589496.58               1093          6.123e-08 
            7.85e-10   3.4073931087e-18                  0   3.4073931087e-18     -19576.0580003      3421.83127648                  0      0.96560909917     0.241402274793     0.096560909917                  0      1517589496.59               1100         6.2015e-08 
             7.9e-10   3.4073931087e-18                  0   3.4073931087e-18     -19576.0580003      3421.83127648                  0      0.96560909917     0.241402274793     0.096560909917                  0       1517589496.6               1107         6.2805e-08 
            7.95e-10   3.4073931087e-18                  0   3.4073931087e-18     -19576.0580003      3421.83127648                  0      0.96560909917     0.241402274793     0.096560909917                  0      1517589496.61               1114           6.36e-08 
               8e-10   3.4073931087e-18                  0   3.4073931087e-18     -19576.0580003      3421.83127648                  0      0.96560909917     0.241402274793     0.096560909917                  0      1517589496.63               1121           6.44e-08 
            8.05e-10   3.4073931087e-18                  0   3.4073931087e-18     -19576.0580003      3421.83127648                  0      0.96560909917     0.241402274793     0.096560909917                  0      1517589496.64               1128         6.5205e-08 
             8.1e-10   3.4073931087e-18                  0   3.4073931087e-18     -19576.0580003      3421.83127648                  0      0.96560909917     0.241402274793     0.096560909917                  0      1517589496.65               1135         6.6015e-08 
            8.15e-10   3.4073931087e-18                  0   3.4073931087e-18     -19576.0580003      3421.83127648                  0      0.96560909917     0.241402274793     0.096560909917                  0      1517589496.66               1142          6.683e-08 
             8.2e-10   3.4073931087e-18                  0   3.4073931087e-18     -19576.0580003      3421.83127648                  0      0.96560909917     0.241402274793     0.096560909917                  0      1517589496.67               1149          6.765e-08 
            8.25e-10   3.4073931087e-18                  0   3.4073931087e-18     -19576.0580003      3421.83127648                  0      0.96560909917     0.241402274793     0.096560909917                  0      1517589496.69               1156         6.8475e-08 
             8.3e-10   3.4073931087e-18                  0   3.4073931087e-18     -19576.0580003      3421.83127648                  0      0.96560909917     0.241402274793     0.096560909917                  0       1517589496.7               1163         6.9305e-08 
            8.35e-10   3.4073931087e-18                  0   3.4073931087e-18     -19576.0580003      3421.83127648                  0      0.96560909917     0.241402274793     0.096560909917                  0      1517589496.71               1170          7.014e-08 
             8.4e-10   3.4073931087e-18                  0   3.4073931087e-18     -19576.0580003      3421.83127648                  0      0.96560909917     0.241402274793     0.096560909917                  0      1517589496.72               1177          7.098e-08 
            8.45e-10   3.4073931087e-18                  0   3.4073931087e-18     -19576.0580003      3421.83127648                  0      0.96560909917     0.241402274793     0.096560909917                  0      1517589496.73               1184         7.1825e-08 
             8.5e-10   3.4073931087e-18                  0   3.4073931087e-18     -19576.0580003      3421.83127648                  0      0.96560909917     0.241402274793     0.096560909917                  0      1517589496.75               1191         7.2675e-08 
            8.55e-10   3.4073931087e-18                  0   3.4073931087e-18     -19576.0580003      3421.83127648                  0      0.96560909917     0.241402274793     0.096560909917                  0      1517589496.76               1198          7.353e-08 
             8.6e-10   3.4073931087e-18                  0   3.4073931087e-18     -19576.0580003      3421.83127648                  0      0.96560909917     0.241402274793     0.096560909917                  0      1517589496.77               1205          7.439e-08 
            8.65e-10   3.4073931087e-18                  0   3.4073931087e-18     -19576.0580003      3421.83127648                  0      0.96560909917     0.241402274793     0.096560909917                  0      1517589496.79               1212         7.5255e-08 
             8.7e-10   3.4073931087e-18                  0   3.4073931087e-18     -19576.0580003      3421.83127648                  0      0.96560909917     0.241402274793     0.096560909917                  0       1517589496.8               1219         7.6125e-08 
            8.75e-10   3.4073931087e-18                  0   3.4073931087e-18     -19576.0580003      3421.83127648                  0      0.96560909917     0.241402274793     0.096560909917                  0      1517589496.81               1226            7.7e-08 
             8.8e-10   3.4073931087e-18                  0   3.4073931087e-18     -19576.0580003      3421.83127648                  0      0.96560909917     0.241402274793     0.096560909917                  0      1517589496.82               1233          7.788e-08 
            8.85e-10   3.4073931087e-18                  0   3.4073931087e-18     -19576.0580003      3421.83127648                  0      0.96560909917     0.241402274793     0.096560909917                  0      1517589496.83               1240         7.8765e-08 
             8.9e-10   3.4073931087e-18                  0   3.4073931087e-18     -19576.0580003      3421.83127648                  0      0.96560909917     0.241402274793     0.096560909917                  0      1517589496.85               1247         7.9655e-08 
            8.95e-10   3.4073931087e-18                  0   3.4073931087e-18     -19576.0580003      3421.83127648                  0      0.96560909917     0.241402274793     0.096560909917                  0      1517589496.86               1254          8.055e-08 
               9e-10   3.4073931087e-18                  0   3.4073931087e-18     -19576.0580003      3421.83127648                  0      0.96560909917     0.241402274793     0.096560909917                  0      1517589496.87               1261          8.145e-08 
            9.05e-10   3.4073931087e-18                  0   3.4073931087e-18     -19576.0580003      3421.83127648                  0      0.96560909917     0.241402274793     0.096560909917                  0      1517589496.88               1268         8.2355e-08 
             9.1e-10   3.4073931087e-18                  0   3.4073931087e-18     -19576.0580003      3421.83127648                  0      0.96560909917     0.241402274793     0.096560909917                  0       1517589496.9               1275         8.3265e-08 
            9.15e-10   3.4073931087e-18                  0   3.4073931087e-18     -19576.0580003      3421.83127648                  0      0.96560909917     0.241402274793     0.096560909917                  0      1517589496.91               1282          8.418e-08 
             9.2e-10   3.4073931087e-18                  0   3.4073931087e-18     -19576.0580003      3421.83127648                  0      0.96560909917     0.241402274793     0.096560909917                  0      1517589496.92               1289           8.51e-08 
            9.25e-10   3.4073931087e-18                  0   3.4073931087e-18     -19576.0580003      3421.83127648                  0      0.96560909917     0.241402274793     0.096560909917                  0      1517589496.93               1296         8.6025e-08 
             9.3e-10   3.4073931087e-18                  0   3.4073931087e-18     -19576.0580003      3421.83127648                  0      0.96560909917     0.241402274793     0.096560909917                  0      1517589496.94               1303         8.6955e-08 
            9.35e-10   3.4073931087e-18                  0   3.4073931087e-18     -19576.0580003      3421.83127648                  0      0.96560909917     0.241402274793     0.096560909917                  0      1517589496.96               1310          8.789e-08 
             9.4e-10   3.4073931087e-18                  0   3.4073931087e-18     -19576.0580003      3421.83127648                  0      0.96560909917     0.241402274793     0.096560909917                  0      1517589496.97               1317          8.883e-08 
            9.45e-10   3.4073931087e-18                  0   3.4073931087e-18     -19576.0580003      3421.83127648                  0      0.96560909917     0.241402274793     0.096560909917                  0      1517589496.98               1324         8.9775e-08 
             9.5e-10   3.4073931087e-18                  0   3.4073931087e-18     -19576.0580003      3421.83127648                  0      0.96560909917     0.241402274793     0.096560909917                  0      1517589496.99               1331         9.0725e-08 
            9.55e-10   3.4073931087e-18                  0   3.4073931087e-18     -19576.0580003      3421.83127648                  0      0.96560909917     0.241402274793     0.096560909917                  0         1517589497               1338          9.168e-08 
             9.6e-10   3.4073931087e-18                  0   3.4073931087e-18     -19576.0580003      3421.83127648                  0      0.96560909917     0.241402274793     0.096560909917                  0      1517589497.01               1345          9.264e-08 
            9.65e-10   3.4073931087e-18                  0   3.4073931087e-18     -19576.0580003      3421.83127648                  0      0.96560909917     0.241402274793     0.096560909917                  0      1517589497.03               1352         9.3605e-08 
             9.7e-10   3.4073931087e-18                  0   3.4073931087e-18     -19576.0580003      3421.83127648                  0      0.96560909917     0.241402274793     0.096560909917                  0      1517589497.04               1359         9.4575e-08 
            9.75e-10   3.4073931087e-18                  0   3.4073931087e-18     -19576.0580003      3421.83127648                  0      0.96560909917     0.241402274793     0.096560909917                  0      1517589497.05               1366          9.555e-08 
             9.8e-10   3.4073931087e-18                  0   3.4073931087e-18     -19576.0580003      3421.83127648                  0      0.96560909917     0.241402274793     0.096560909917                  0      1517589497.06               1373          9.653e-08 
            9.85e-10   3.4073931087e-18                  0   3.4073931087e-18     -19576.0580003      3421.83127648                  0      0.96560909917     0.241402274793     0.096560909917                  0      1517589497.07               1380         9.7515e-08 
             9.9e-10   3.4073931087e-18                  0   3.4073931087e-18     -19576.0580003      3421.83127648                  0      0.96560909917     0.241402274793     0.096560909917                  0      1517589497.08               1387         9.8505e-08 
            9.95e-10   3.4073931087e-18                  0   3.4073931087e-18     -19576.0580003      3421.83127648                  0      0.96560909917     0.241402274793     0.096560909917                  0       1517589497.1               1394           9.95e-08 
               1e-09   3.4073931087e-18                  0   3.4073931087e-18     -19576.0580003      3421.83127648                  0      0.96560909917     0.241402274793     0.096560909917                  0      1517589497.11               1401          1.005e-07 
